#Estado de la ventana
#Thu Sep 26 12:11:24 WEST 2024
size.heigth=237.60000610351562
size.width=334.3999938964844
size.x=801.5999755859375
size.y=162.39999389648438
